kinematics:
  shoulder:
    x: 0
    y: 0
    z: 0.1522347993263167
    roll: -0
    pitch: 0
    yaw: 6.638328579543115e-05
  upper_arm:
    x: -9.786328281256066e-05
    y: 0
    z: 0
    roll: 1.570754700111546
    pitch: 0
    yaw: 7.606372926768774e-05
  forearm:
    x: -0.2436225291579153
    y: 0
    z: 0
    roll: 3.138365313429341
    pitch: -3.140250568609972
    yaw: 3.141517087339678
  wrist_1:
    x: -0.2132585038844615
    y: 1.42016760127623e-05
    z: 0.1120562843779429
    roll: 3.141465916602077
    pitch: 3.14066174837227
    yaw: 3.141564615184754
  wrist_2:
    x: 3.281943316490454e-05
    y: -0.08525443750357434
    z: -7.02841429591783e-05
    roll: 1.571620731120285
    pitch: 0
    yaw: -1.621986959793656e-05
  wrist_3:
    x: -0.0001245385027949359
    y: 0.08229798850188888
    z: -0.0001121692322901357
    roll: 1.569433363193061
    pitch: 3.141592653589793
    yaw: -3.141564462132374
  hash: calib_15515926309093419426